1 2 2023-03-04_11-56-38 20
1 2 2023-03-04_12-22-57 20
1 2 2023-03-04_12-23-37 10
1 2 2023-03-04_12-25-41 20
1 2 2023-03-04_12-27-29 10
1 2 2023-03-04_12-29-17 10
1 2 2023-03-04_12-30-50 30
1 2 2023-03-04_12-31-59 3
1 2 2023-03-04_12-32-34 3
1 2 2023-03-04_12-35-37 3
1 2 2023-03-04_12-36-28 3
1 2 2023-03-04_12-37-33 3
1 2 2023-03-04_13-17-54 3
1 2 2023-03-04_13-18-30 40
1 2 2023-03-04_13-21-44 40
1 2 2023-03-04_13-23-14 20
1 2 2023-03-04_13-25-27 20
1 2 2023-03-04_16-28-29 30
1 2 2023-03-04_16-30-18 30
1 2 2023-03-04_16-44-30 20
1 2 2023-03-04_17-05-13 30
1 2 2023-03-04_17-08-27 30
1 2 2023-03-04_17-09-32 30
1 2 2023-03-04_17-14-20 30
1 2 2023-03-04_17-15-53 30
1 2 2023-03-04_17-19-42 30
1 2 2023-03-04_17-45-24 20
1 2 2023-03-04_17-46-45 20
1 2 2023-03-04_17-47-29 30
1 2 2023-03-04_17-50-34 30
1 2 2023-03-04_17-55-12 20
1 2 2023-03-04_18-01-20 20
1 2 2023-03-04_18-02-30 20
1 2 2023-03-04_18-04-24 20
1 2 2023-03-04_18-12-34 30
1 2 2023-03-04_18-14-35 10
1 2 2023-03-04_19-48-11 10
2 1 2023-03-04_19-51-26 30
1 2 2023-03-04_19-57-26 10
1 2 2023-03-04_20-17-29 10
1 2 2023-03-04_20-18-56 10
1 2 2023-03-04_20-21-41 5
1 2 2023-03-04_20-24-06 10
1 2 2023-03-04_20-25-12 10
1 2 2023-03-04_20-26-33 20
1 2 2023-03-04_20-28-18 20
1 2 2023-03-04_20-30-13 20
1 2 2023-03-04_20-31-36 20
1 2 2023-03-04_20-33-12 20
1 2 2023-03-04_20-35-31 10
1 2 2023-03-04_20-39-35 20
1 2 2023-03-04_20-44-09 10
1 2 2023-03-04_20-46-01 10
1 2 2023-03-04_20-52-11 10
1 2 2023-03-04_20-58-09 10
1 2 2023-03-04_20-58-57 10
1 2 2023-03-04_21-00-09 10
1 2 2023-03-04_21-01-37 10
1 2 2023-03-04_21-02-37 10
1 4 2023-03-04_21-57-31 10
1 2 2023-03-04_22-06-15 10
1 2 2023-03-04_22-08-04 10
1 2 2023-03-04_22-25-51 10
1 2 2023-03-04_22-28-05 10
1 2 2023-03-04_22-29-58 10
1 2 2023-03-04_22-31-22 10
1 2 2023-03-04_22-32-47 10
1 2 2023-03-04_22-39-55 10
1 2 2023-03-04_22-41-25 10
1 2 2023-03-04_22-43-11 10
1 4 2023-03-04_22-43-35 10
1 4 2023-03-04_22-48-12 5
2 4 2023-03-04_22-51-53 10
